name: deepchem_2.3.0
channels:
  - conda-forge
  - rdkit
  - defaults
dependencies:
  - _py-xgboost-mutex=2.0=cpu_0
  - blas=1.0=mkl
  - boost=1.59.0=py36_3
  - bzip2=1.0.8=h8ffe710_4
  - ca-certificates=2021.10.26=haa95532_4
  - cftime=1.5.1=py36h14b15b0_0
  - cudatoolkit=10.0.130=0
  - cudnn=7.6.5=cuda10.0_0
  - curl=7.81.0=h789b8ee_0
  - deepchem=2.3.0=py_2
  - freetype=2.10.4=h546665d_1
  - hdf4=4.2.15=h0e5069d_3
  - hdf5=1.12.1=nompi_h57737ce_103
  - icc_rt=2019.0.0=h0cc432a_1
  - jbig=2.1=h8d14728_2003
  - joblib=1.1.0=pyhd8ed1ab_0
  - jpeg=9e=h8ffe710_0
  - krb5=1.19.2=h6da9e4a_3
  - lerc=3.0=h0e60522_0
  - libblas=3.9.0=8_mkl
  - libcblas=3.9.0=8_mkl
  - libcurl=7.81.0=h789b8ee_0
  - libdeflate=1.10=h8ffe710_0
  - liblapack=3.9.0=8_mkl
  - libnetcdf=4.8.1=nompi_h1cc8e9d_101
  - libpng=1.6.37=h1d00b33_2
  - libssh2=1.10.0=h9a1e1f7_2
  - libtiff=4.3.0=hc4061b1_3
  - libxgboost=1.3.3=h0e60522_2
  - libzip=1.8.0=h519de47_1
  - libzlib=1.2.11=h8ffe710_1013
  - lz4-c=1.9.3=h8ffe710_1
  - mkl=2020.4=hb70f87d_311
  - mkl-service=2.3.0=py36h779f372_2
  - netcdf4=1.5.7=nompi_py36h22c1b06_103
  - olefile=0.46=pyh9f0ad1d_1
  - openssl=3.0.0=h8ffe710_2
  - pandas=1.0.5=py36hcc50265_0
  - pillow=7.1.2=py36he4e95fe_0
  - pip=20.1.1=py_1
  - py-xgboost=1.3.3=py36ha15d459_2
  - python=3.6.10=he025d50_1009_cpython
  - python-dateutil=2.8.2=pyhd8ed1ab_0
  - python_abi=3.6=2_cp36m
  - pytz=2021.3=pyhd8ed1ab_0
  - rdkit=2017.09.1=py36_1
  - scikit-learn=0.21.3=py36h7208079_0
  - scipy=1.5.0=py36h9439919_0
  - setuptools=58.0.4=py36ha15d459_2
  - six=1.16.0=pyh6c4a22f_0
  - tk=8.6.11=h8ffe710_1
  - ucrt=10.0.20348.0=h57928b3_0
  - vc=14.2=hb210afc_6
  - vs2015_runtime=14.29.30037=h902a5da_6
  - wheel=0.37.1=pyhd8ed1ab_0
  - xgboost=1.3.3=py36ha15d459_2
  - xz=5.2.5=h62dcd97_1
  - zlib=1.2.11=h8ffe710_1013
  - zstd=1.5.2=h6255e5f_0
  - pip:
    - absl-py==1.0.0
    - arviz==0.11.4
    - astor==0.8.1
    - cached-property==1.5.2
    - contextvars==2.4
    - cycler==0.11.0
    - dataclasses==0.8
    - dill==0.3.4
    - fastprogress==1.0.0
    - filelock==3.4.1
    - gast==0.5.3
    - google-pasta==0.2.0
    - grpcio==1.43.0
    - h5py==3.1.0
    - immutables==0.16
    - importlib-metadata==4.8.3
    - intel-openmp==2022.0.2
    - keras-applications==1.0.8
    - keras-preprocessing==1.1.2
    - kiwisolver==1.3.1
    - markdown==3.3.6
    - matplotlib==3.3.4
    - numpy==1.19.0
    - packaging==21.3
    - patsy==0.5.2
    - protobuf==3.19.4
    - pymc3==3.10.0
    - pyparsing==3.0.7
    - tensorboard==1.14.0
    - tensorflow-estimator==1.14.0
    - tensorflow-gpu==1.14.0
    - termcolor==1.1.0
    - theano-pymc==1.0.11
    - typing-extensions==4.1.1
    - werkzeug==2.0.3
    - wrapt==1.13.3
    - xarray==0.16.2
    - zipp==3.6.0
prefix: C:\Users\ella_\.conda\envs\deepchem_validation
